12.8890022871, 
36.7597728573, 
35.3112303450, 
14.4456643897, 
106.2790629333, 
48.6371564063, 
25.6467368465, 
12.8890022871, 
130.8392486179, 
41.3443430553, 
21.8731626532, 
36.7597728573, 
130.8392486179, 
117.0079734148, 
21.8731626532, 
49.2523696149, 
15.3043986539, 
41.3443430553, 
117.0079734148, 
115.4591027718, 
49.2523696149, 
115.4591027718, 
15.3043986539, 
38.5324805331, 
87.8753804923, 
106.2790629333, 
122.3458244468, 
99.3676739132, 
96.0791274621, 
145.3143577167, 
48.6371564063, 
122.3458244468, 
156.9976180644, 
26.2615573310, 
76.6071409629, 
119.0814330724, 
168.1423342815, 
25.6467368465, 
99.3676739132, 
156.9976180644, 
130.6530305664, 
14.4456643897, 
87.8753804923, 
145.3143577167, 
168.1423342815, 
11.1519920264, 
10.5550222349, 
130.6530305664, 
35.3112303450, 
38.5324805331, 
96.0791274621, 
119.0814330724, 
18.9938068514, 
42.1433342963, 
118.9053158926, 
18.9938068514, 
118.9053158926, 
42.1433342963, 
11.1519920264, 
178.7818088563, 
10.5550222349, 
178.7818088563, 
25.0545280293, 
38.3895315429, 
25.0545280293, 
137.3039035016, 
97.9897855856, 
37.4143136707, 
137.3039035016, 
38.3895315429, 
11.5094599866, 
13.0197020438, 
155.6523999190, 
13.0197020438, 
11.5094599866, 
155.6523999190, 
108.9982457917, 
37.4143136707, 
97.9897855856, 
108.9982457917, 
129.5800591747, 
76.6071409629, 
0.8982971892, 
39.8877480544, 
129.5800591747, 
26.2615573310, 
9.0521005523, 
42.5213510214, 
128.4360304308, 
42.5213510214, 
13.9805887272, 
22.8235118524, 
9.0521005523, 
128.4360304308, 
13.9805887272, 
143.2959729526, 
22.8235118524, 
143.2959729526, 
0.8982971892, 
139.7369572866, 
139.7369572866, 
39.8877480544, 
22.2571486146, 
7.7224325248, 
162.6880049695, 
22.2571486146, 
162.6880049695, 
7.7224325248, 
